239300
148797
262634
7618
287331
290446
174818
64723
74573
329996
245070
303641
130960
60405
140766
52265
158700
80175
142388
333835
320246
285389
220397
193601
271243
45438
163295
112156
325346
23366
335486
11439
277254
5369
26817
7478
94665
194954
98043
134398
257089
229539
18206
221398
223618
133063
249690
60382
133441
219993
203449
126159
225515
286734
83918
215332
246601
167875
238108
237062
345778
166007
86110
167812
107905
181755
271372
91714
309254
308020
145784
244274
152220
199232
247466
341870
111436
322629
151709
113316
109570
259665
335645
39376
54291
223476
158296
140795
348514
22233
20042
132319
136685
193131
227588
308582
146202
138401
234233
354125
244556
327671
12287
258261
48517
109022
52843
93710
244367
172579
204750
174371
348198
152518
347479
324405
219918
365310
214121
34432
93153
293124
72813
153088
34826
56242
67014
153176
247811
6106
140899
251613
334124
257982
116560
315623
157038
326764
347692
181402
130705
137458
57327
189590
76898
234892
315231
223030
27364
193912
43364
74452
64613
250660
353436
230452
113330
1443
122061
71370
103902
65296
193803
58711
99573
260204
190829
45984
312681
253627
94258
257171
85429
134977
182244
121222
117157
66168
63610
296830
350182
295516
103158
195971
200414
146456
49761
174677
30407
150882
327957
227413
15414
119788
232118
173370
264391
246913
300103
113500
252518
110824
22429
130162
184801
125072
352127
158902
192427
352878
335325
298255
198726
263175
365494
162884
203633
110726
319862
140013
40183
238569
424
329254
225202
97803
189011
295429
251099
120282
351851
222331
345129
9062
164096
124656
144377
94369
219659
47310
167313
168372
341330
256327
155428
113411
42478
75754
139896
74134
314845
185401
161413
104143
203494
16479
338621
284460
43263
159666
10053
265821
45974
44695
89548
344446
120231
351966
45850
20259
228520
201426
125331
339470
274202
21839
288317
144850
114694
48035
209136
277796
266191
283038
334596
194931
121946
90674
25743
247724
52350
255648
162640
336035
307070
201692
51480
131362
23041
356902
180964
99828
315116
51791
155144
40210
55970
251575
10490
125574
59359
30973
181925
197001
322893
316257
110430
291730
144833
254945
64979
228806
342043
184915
364197
349742
235613
20338
90880
119079
226767
62799
363479
284945
76149
82998
100699
171861
118198
360151
263121
260112
208291
311578
233857
298789
364431
58953
5475
240205
119751
15787
170260
247407
321792
361888
214656
76151
35719
56374
295671
226454
76938
76546
32408
183928
23567
171414
84012
163679
106540
120540
17554
58225
271515
264587
121413
212163
229648
27435
130492
156665
76792
82927
98592
188105
49105
156327
328222
353467
128911
217459
298652
59275
94202
201705
219939
336976
140784
202589
76628
143558
231822
332041
2366
242448
302768
80990
19086
10363
1943
166095
341226
34033
182365
336850
198844
296187
139742
91956
170086
299813
323704
299097
242561
100097
28575
223170
36066
148561
104365
300716
108401
124318
45555
232235
47339
197607
216260
301699
114836
40265
365320
200577
219895
216875
220326
204867
119950
182472
363601
115537
60169
146695
244711
199942
142855
341357
193861
208966
17508
169061
242195
120325
20530
314635
104622
145463
296585
126867
175996
154792
21193
125316
66387
82112
695
334053
215155
257432
97117
196529
148289
173853
107507
236443
67857
235075
304907
3749
5387
20853
154999
60039
330730
293251
182055
362944
364153
20852
276492
190710
76077
110636
236271
133177
238797
211727
124933
120450
297323
110190
54280
256044
252540
170971
242863
272313
249509
51488
287368
136962
122852
291999
98446
346433
11462
277133
88100
205125
107486
56078
130517
9497
122374
20221
347469
148629
7909
225544
80916
223502
212561
352677
42032
145230
336031
215583
128430
94486
22895
320880
236467
289745
177022
46496
281944
51881
292210
315271
294383
276133
115098
220030
67493
55251
75963
2898
298969
166337
135447
208775
78835
42233
38438
327218
180490
286812
245356
327585
146322
29401
298372
56512
206823
100730
120626
49104
274875
100790
268581
275165
22315
163798
180876
190401
40610
14103
201065
115782
99515
7678
353116
214383
64736
25811
5935
49546
170065
349056
205294
17756
329005
175250
47502
143036
54660
264321
48794
302481
190736
162989
10348
56236
