266765
266491
133064
366480
244029
318354
358548
351447
354450
366357
366367
351358
111197
240294
366343
366325
220288
329642
299391
258532
193180
139746
91531
366263
366312
315448
334310
334588
319685
319750
322794
312612
310489
308353
309182
310837
312125
333838
334756
366289
366285
342357
342720
129625
366270
294999
356699
366245
366240
288195
293208
256789
225025
340683
299206
366187
265819
280678
366142
366110
366093
31039
288462
253644
324966
320103
296397
366073
366028
333871
339757
334138
336987
336083
357364
365950
295527
365862
365845
54457
50775
365706
359025
308592
282732
365700
337134
339559
342691
343173
226197
362053
150314
202597
316225
303891
365641
141279
182151
337106
114904
50196
322685
191671
351998
358319
359244
232016
348495
320528
341526
297639
312737
326979
329788
365528
337075
348334
296276
365502
364035
365493
353489
353639
90689
55803
324597
335660
301069
320131
327126
329876
320500
113399
365467
246333
107918
111795
335665
360307
335679
319718
310350
136921
365454
365450
84137
359878
365431
358820
243441
157411
121518
313904
365396
365387
365371
365351
350990
349610
174794
150427
102127
150504
87341
87871
95826
161618
362458
127194
303157
308005
342201
354995
226529
223211
365299
227173
322855
365203
319537
348627
355006
290355
294936
192245
280754
343186
260591
337908
331446
294673
226241
130305
298467
129297
318581
295496
347669
332467
333327
333344
344665
336435
346528
319240
313809
319445
293583
355691
347834
315626
328962
323189
330976
320841
321568
197697
335488
339630
354645
327707
329174
329230
345820
348357
336044
338951
340166
344153
299182
345022
336061
329249
329241
329277
329279
329369
329375
329474
329476
329478
365201
128810
128419
362408
326302
312915
329479
329551
316912
330016
261088
364451
330995
330997
333213
331191
331211
332224
332936
333382
338225
344916
347659
348389
355005
357676
363244
220289
342100
349029
348840
335187
318939
335425
335299
353475
335711
335341
20028
332469
300622
319567
341228
298675
332415
130397
201262
184255
335018
184304
299962
322399
353234
287504
139755
303677
298628
214022
105960
125460
179079
177162
222424
340503
280705
280780
54105
54096
339806
281105
76468
171520
210780
322463
359307
55149
212280
357871
359020
330054
330017
339122
329981
349228
330572
363761
61846
351787
353413
360782
326506
294878
294013
269189
267508
340903
329620
325300
184057
82841
150399
296197
321704
333127
332618
334285
334474
334789
335412
339583
339622
344986
347179
355992
356028
357641
359365
353217
345477
353338
360726
361519
328900
358186
358255
364233
334474
334789
335412
339583
339622
344986
347179
355992
356028
357641
359365
353217
345477
353338
360726
361519
328900
358186
358255
364233
334474
334789
335412
339583
339622
344986
347179
355992
356028
357641
359365
353217
345477
353338
360726
361519
328900
358186
358255
364233
334474
334789
335412
339583
339622
344986
347179
355992
356028
357641
359365
353217
345477
353338
360726
361519
328900
358186
358255
364233
334474
334789
335412
339583
339622
344986
347179
355992
356028
357641
359365
353217
345477
353338
360726
361519
328900
358186
358255
364233
334474
334789
335412
339583
339622
344986
347179
355992
356028
357641
359365
353217
345477
353338
360726
361519
328900
358186
358255
364233
334474
334789
335412
339583
339622
344986
347179
355992
356028
357641
359365
353217
345477
353338
360726
361519
328900
358186
358255
364233
334474
334789
335412
339583
339622
344986
347179
355992
356028
357641
359365
353217
345477
353338
360726
361519
328900
358186
358255
364233
334474
334789
335412
339583
339622
344986
347179
355992
356028
357641
359365
353217
345477
353338
360726
361519
328900
358186
358255
364233
334474
334789
335412
339583
339622
344986
347179
355992
356028
357641
359365
353217
345477
353338
360726
361519
328900
358186
358255
364233
334474
334789
335412
339583
339622
344986
347179
355992
356028
357641
359365
353217
345477
353338
360726
361519
328900
358186
358255
364233
334474
334789
335412
339583
339622
344986
347179
355992
356028
357641
359365
353217
345477
353338
360726
361519
328900
358186
358255
364233
